WEIGHTS
13,64
0.243085,0.448698,0.119072,-0.0292519,0.691888,-0.0987165,0.302188,0.385537,0.368424,-0.459215,-0.202897,0.736148,-0.983738,-0.0550725,0.22019,0.635925,0.136069,0.181215,0.266652,-0.203655,-0.0742801,0.74992,0.594551,-0.108895,0.276155,-0.462175,-0.144799,0.158106,-0.440842,-0.299275,-0.487386,-0.0326563,0.0430922,0.381927,1.3213,0.471694,-0.288471,0.538788,0.237129,0.162094,0.0228023,-0.280071,0.0644626,0.506541,0.474394,0.100631,-0.341008,-0.253492,0.849647,0.0207867,0.54365,-0.803772,-0.124612,0.260502,-0.140406,-0.0941776,0.0487156,-0.824786,-0.112058,-0.231454,-0.267708,-0.183094,0.329887,0.684092
0.255914,0.0348433,0.631201,0.414103,-0.340437,0.401377,0.655202,0.609677,-0.310704,0.0497007,0.241746,-0.21535,0.456354,0.0449941,0.450458,-0.439039,0.593955,-0.0101938,-0.561915,-1.03611,-0.238518,-0.353614,0.190892,-0.948285,-0.0730354,0.335917,0.257249,-0.474611,-0.034156,0.0888363,-0.35582,-0.771359,-0.000147955,-0.169288,0.266821,0.42331,0.0216249,-0.251095,-0.47013,0.131251,-0.222778,0.00730254,0.207497,0.250728,-0.145482,0.362359,-0.101741,1.3855,-0.481455,-0.105377,0.256349,-0.489462,-0.310402,-0.795317,-0.733634,0.236463,-0.111667,-0.465231,-0.196423,-0.284385,-0.070653,-0.485364,-0.149054,-0.0382023
-0.19418,0.0896889,0.00945414,0.542457,0.137299,0.0635408,0.363867,-0.497293,-0.167426,-0.22593,0.619234,0.425847,-0.335349,-0.161081,-0.00918961,-0.436954,0.275091,-0.571398,-0.497048,-0.205618,-0.143917,-0.484874,0.159025,0.083967,-0.485427,-0.0770646,0.837353,0.139809,-0.16273,-0.616381,-0.231814,-0.0652164,-0.214284,0.198123,0.146609,0.0323604,-0.39308,0.363449,0.170177,0.538818,0.0962039,0.453323,-0.629681,-0.288257,-0.827082,0.0062175,-0.0848203,-0.601695,-0.171053,0.144435,0.761777,0.0703009,0.941377,-0.196181,-0.402071,0.302659,0.273318,0.0149333,-0.282441,-0.0988354,-0.152391,-0.218157,0.354616,-0.141838
0.370833,-0.798354,-0.391601,0.398182,-0.18553,-0.422023,0.15246,0.487242,-0.0305078,0.215515,-0.395151,0.634996,-0.597051,0.0258884,0.227941,-0.0050135,-0.135747,-0.404849,-0.00473178,0.164467,0.547135,0.768783,-0.136489,0.163622,0.0515504,0.279887,-0.0459763,0.229408,-0.0660657,0.244253,-0.314946,0.462326,0.298131,-0.505089,-0.253506,0.0399885,-0.162558,0.593063,0.480875,-0.520097,-0.10055,0.337982,-0.0442673,-0.434543,-0.576161,0.686212,-0.0432677,-0.261397,-0.057449,-0.139085,-0.210232,0.252414,0.440938,-0.201268,0.51754,-0.21756,0.259894,-0.790464,0.255274,0.369631,-0.812325,-0.228069,-0.378345,-0.406557
0.0835361,0.182171,-0.881384,-0.227852,-0.0865412,-0.00611224,0.735616,0.420642,0.733234,-0.157277,-0.437083,-0.572784,0.0761739,0.483438,0.00760733,-0.143959,-0.206495,-0.683775,-0.361378,0.197787,0.0953417,0.00651969,0.183813,-0.0259783,-0.36237,0.0409416,0.0905489,-0.202711,0.219297,0.200859,-0.0081384,0.603052,-0.282403,0.660057,0.614703,0.165979,-0.25017,0.378893,-0.429926,-0.272317,0.196272,-0.379066,-0.546816,0.458129,-0.749047,-0.680487,0.642885,0.450602,-0.394225,0.349913,-0.529909,0.0699916,-0.313608,-0.12865,-0.180822,0.255724,-0.0594282,0.0437682,-0.560103,0.31087,-0.103695,0.115242,-0.213947,0.057661
0.275845,0.100028,0.176296,-0.15306,0.118024,0.850386,-0.529706,0.310595,0.0589098,0.68736,-0.358624,-0.300913,0.0837242,0.0793317,-0.41177,-0.475888,-0.595326,-0.110849,0.0760107,0.34181,1.13238,0.279869,-0.214335,-0.416571,-0.320584,-0.0461937,0.601613,0.059863,0.27466,0.0129323,-0.0591625,0.336049,0.39215,0.828339,0.151925,0.270029,-0.0687208,-0.428826,-0.491751,0.076073,-0.0671269,-0.570476,-0.0990568,0.631351,0.376385,-0.663475,-0.410563,-0.290829,0.633585,-0.364914,0.401549,0.454288,-0.0134044,-0.221526,-0.154537,0.125689,0.474553,0.0224802,0.751756,-0.683357,0.543101,0.266775,-0.165473,-0.0987276
0.0641835,0.195548,0.275548,-0.20401,-0.0731503,0.491797,-0.286579,0.300226,0.207392,-0.709471,0.503526,0.0409799,-0.510616,-0.226969,-0.104558,0.569739,-0.262366,0.866517,-0.602284,0.151462,0.180716,-0.508064,0.72269,0.745174,0.124336,-0.599205,-0.0621277,0.13068,0.0774419,-0.210947,-0.44609,-0.091427,-0.123537,-0.525034,-0.191463,-0.027582,0.11128,0.0931646,-0.162841,-0.00353631,-0.396286,-0.372128,0.177194,-0.176599,-0.629138,-0.303075,0.508641,-0.170249,-0.367287,0.564839,0.355182,0.367838,-0.211611,0.15053,-0.68272,0.0185483,0.00703034,0.934362,0.698393,0.552383,-0.0371482,0.028591,-0.0952327,0.197247
-0.810381,0.114835,0.0701494,-0.351203,0.323643,-0.444583,0.351159,-0.624135,0.249709,0.542754,0.355452,0.255132,0.0271512,0.123468,0.049696,-0.412864,0.0225333,0.326341,0.194369,0.57632,-0.189839,-0.143554,-0.524455,0.428897,-0.268,-0.194499,0.512442,-0.358435,0.517828,-0.0881373,0.00263959,0.153562,0.695069,-0.152308,-0.45827,-0.120753,0.0792049,-0.23765,0.468992,0.492789,-0.0215802,0.605841,0.800635,-0.136842,0.111027,-0.193409,-0.114262,0.235313,0.573213,-0.210427,-0.202501,-0.423931,0.0872712,0.426923,-0.040525,-0.0217991,-0.114898,0.00862002,-0.523198,-0.263241,-0.0492673,0.676868,0.193513,0.877706
0.771901,0.829713,0.0507644,0.368538,-0.272655,-0.461873,-0.357709,-0.15575,0.312212,0.475756,0.775239,-0.0736725,-1.04741,-0.10503,-0.228519,-0.383604,-0.121263,-0.136499,0.396956,-0.749201,0.112317,-0.327431,0.0257395,0.0509718,0.485205,-0.121098,0.0839204,-0.131793,-0.0895639,0.239431,0.187041,0.923432,-0.326186,0.171108,0.392906,-0.131281,0.242179,-0.208744,-0.132756,-0.903802,-0.0465153,-0.0851198,-0.708369,0.330638,-0.530298,0.166724,0.243587,-0.974042,-0.0470152,0.638281,-0.678422,-0.574172,0.124097,0.507416,-0.0577107,-0.323407,0.156834,0.114672,0.0676193,-1.04603,-0.0143374,-0.494541,0.308623,0.775485
0.0614049,0.206624,0.879297,-0.31602,0.412342,-0.429283,-0.443103,-0.0329895,0.221172,-0.470176,0.217373,-0.172442,-0.355154,-0.406666,0.414326,-0.496335,0.195109,0.486646,0.866281,-0.189115,0.132879,-0.271003,0.745198,-0.568529,0.446872,-0.00471536,0.348871,0.0521014,-0.245343,-0.292714,0.247689,-0.4172,-0.424113,-0.399369,0.066468,0.302916,0.280664,0.0997383,-0.00946416,0.292446,-0.230615,-0.111,-0.572708,0.758837,0.111509,-0.0368415,0.0967553,-0.354718,0.0956954,0.0350001,0.529065,-0.0283832,0.427182,0.527148,-0.144899,0.720137,-0.25862,-0.481619,-0.696737,-0.125546,-0.552019,0.3722,0.000284256,0.68524
-0.503849,-0.240404,0.662814,-0.0294642,0.288271,-1.14788,-0.421523,-0.350233,-0.252,0.358474,-0.284732,-0.138276,0.628279,-0.353957,0.269121,-0.509773,0.901554,-0.0666366,0.292234,-0.573869,0.150523,-0.44026,-0.251913,0.182185,0.0762702,-0.893804,-0.145517,0.386055,-0.497206,0.455894,0.142217,-0.285774,0.0361642,-0.787293,-0.600161,-0.355883,-0.100797,-0.391785,0.514958,1.17923,0.099288,-0.125773,-0.59581,0.00754176,0.521859,0.455778,0.158465,0.572999,0.261547,-0.116052,0.00611651,-0.00826863,0.0529833,0.721164,-0.00595423,-0.162207,0.0208424,0.378111,0.369027,0.0971482,0.597801,-0.209626,1.17208,-0.0684013
0.544705,0.520484,-0.541206,0.187811,-0.237262,-0.45761,0.102958,0.675974,0.36214,0.461486,0.455187,-1.17732,0.390392,0.492577,-0.216479,0.148987,0.430619,-0.343112,-0.120106,0.00843904,-0.623205,0.647778,-0.558241,-0.42315,0.116594,0.334299,-0.0658458,0.473348,-0.626641,0.0988545,-0.380076,0.727352,-0.137164,0.207401,0.412675,0.3299,-0.23401,0.315597,0.0195197,0.0379843,-0.381966,-0.277437,0.268032,0.248142,0.366561,0.398334,0.464358,0.182775,0.74234,0.0187223,-0.139008,0.669342,0.324441,-0.313496,-0.788546,-0.0559946,0.104861,0.234115,-0.374054,0.117982,-0.110804,0.775132,0.12934,0.47867
0.208251,-0.508293,-0.273954,0.290799,0.413122,-0.362783,0.387254,-0.369187,-0.499051,0.125023,0.681907,0.157055,-0.264344,-0.0588626,-0.0439572,0.100453,0.172586,0.0242093,-0.429383,-0.0426206,-0.0820841,0.16592,0.108631,0.452985,0.111143,0.733964,0.508494,0.465755,0.100627,-0.0811007,-0.381041,-0.284279,0.411282,0.288535,0.477016,-0.188206,-0.281315,0.179035,-0.410462,-0.35905,0.14779,0.764882,-0.52097,-1.05101,-0.0312737,-0.0666892,-0.0926352,-0.49982,-0.266641,-0.521681,0.0432586,-0.851582,-0.643735,-0.139958,0.110514,-0.343743,0.361069,-0.303359,-0.135129,0.518336,-0.0537019,0.0142673,-0.177768,0.0642374
BIASES
1,64
-0.739068,-0.571412,-0.494306,0.428477,-0.744125,-0.719454,-0.0824899,-0.104346,0.67137,0.565118,-0.448486,0.59429,-0.057936,0.754428,0.283662,0.196718,0.346429,0.487142,-0.0640906,0.46586,-0.17512,-0.244558,0.165074,0.137842,0.451535,0.143999,-0.39079,-0.538264,0.752082,-0.534048,0.442861,0.589893,-0.856363,0.121889,0.119373,0.460194,0.493486,0.589678,-0.194678,0.930979,0.243121,-0.76103,-0.530698,-0.744641,0.191614,0.8934,-0.24714,-0.351509,0.519609,-0.538196,-0.61396,-0.194474,0.125541,-0.57633,0.9622,0.124272,-0.137703,-0.800269,0.664333,-0.466493,0.0808785,0.717724,-0.203908,-0.558563
WEIGHTS
64,64
0.210107,-0.181868,-0.181829,0.17332,0.116454,0.375381,-0.185111,-0.198748,-0.32708,-0.299588,0.0464022,-0.111563,0.0827979,0.129499,0.31872,0.195845,0.0998338,-0.160483,0.137172,0.0602211,0.0356688,-0.035493,-0.107882,-0.160178,0.0921502,-0.176918,0.351539,0.0881698,0.050637,-0.080443,-0.0944146,-0.167123,-0.511659,-0.435753,-0.071473,-0.0329373,-0.219216,-0.19827,0.254734,0.150731,-0.119951,0.0291407,-0.371066,0.314651,0.166371,-0.07231,-0.0100464,0.0740361,-0.387038,-0.0314779,-0.0852273,0.0521181,0.0856655,-0.0524463,-0.0374897,-0.0358852,0.199568,0.28859,0.322715,-0.271706,-0.0862606,-0.30809,-0.203786,0.132984
-0.00317543,0.159256,-0.195758,0.0586645,0.25353,-0.203334,-0.077063,-0.0566975,-0.0972487,-0.215919,0.132387,0.480412,0.141421,0.266097,-0.100815,-0.0805318,-0.17132,-0.134251,0.0483803,-0.192885,-0.163364,0.139743,0.0283448,0.181761,0.123262,-0.0255254,-0.112412,-0.305756,0.267674,0.199411,0.0386636,0.260564,-0.00567694,-0.0826247,0.115806,-0.131161,-0.164193,-0.120656,0.0338088,-0.255687,-0.0576793,-0.0682517,-0.113498,0.0373605,-0.0377528,-0.197942,-0.117473,0.106713,-0.100659,-0.423081,-0.138931,0.0812754,-0.196349,0.0388284,0.103225,0.130138,0.291891,-0.116417,0.383266,0.0445771,0.0520751,-0.193852,0.0730869,0.073639
0.0472351,-0.231579,-0.248612,0.0701318,0.132051,0.266282,-0.238352,-0.124004,-0.168337,-0.0560744,-0.00229989,0.137572,-0.0798464,0.250948,-0.0656774,-0.284059,0.116405,-0.0912586,-6.90299e-05,-0.0338991,-0.141614,-0.332065,0.139948,0.145267,-0.0986346,-0.013212,-0.372968,0.323276,-0.140532,-0.189737,0.377168,-0.146465,-0.0213831,-0.00164694,-0.19108,0.0598014,-0.501312,-0.1418,-0.0539554,0.186368,0.168771,-0.437815,-0.169653,0.0111011,0.055863,-0.0355427,0.0434006,0.0487744,-0.0715617,0.219294,0.0785644,0.158785,0.0313207,-0.057972,0.0541701,-0.217145,0.149962,-0.179783,0.142426,-0.157777,-0.0157319,0.0957346,-0.0684668,-0.215294
-0.485293,0.00233668,-0.0485232,-0.0144556,-0.0459561,0.261041,0.0990331,-0.146325,0.150498,-0.0347257,-0.0603479,-0.0293663,0.054904,0.255498,0.111553,0.209323,0.0865718,-0.40921,0.206428,0.186194,-0.178494,0.0131884,0.0549702,0.362355,-0.286404,-0.273117,-0.321242,0.391525,-0.154524,0.0146718,0.301933,0.0498137,0.223816,-0.135179,-0.0466472,0.0921858,0.0988337,-0.0444855,-0.026193,-0.00335219,0.0588956,-0.197564,0.0307113,0.382892,0.411887,-0.117514,-0.00439047,-0.183473,-0.148486,0.0477235,-0.0382257,0.0487837,-0.0685775,0.278673,-0.0790605,-0.1331,0.272905,0.105513,0.228796,-0.260071,0.203407,-0.0706799,-0.387457,-0.0414476
0.141919,-0.533216,0.0507784,-0.0756384,-0.340497,-0.0199274,-0.0390523,-0.105823,0.0426816,-0.0169757,-0.046461,-0.0781499,-0.133512,0.0330526,0.155281,0.171529,-0.247546,-0.077433,0.0223766,-0.283249,0.13808,-0.272806,0.157353,-0.0929577,0.0866002,0.0110507,0.0150798,0.0951887,-0.00469609,-0.0864292,0.235438,0.158119,0.0713452,-0.197466,-0.0600588,0.00362071,0.173671,0.0136239,-0.179491,-0.107584,-0.290228,0.085561,-0.379985,-0.0179458,-0.133476,0.0893283,0.0595996,-0.153626,0.3055,-0.117326,0.0692586,0.232657,-0.145399,-0.110184,-0.182718,-0.0905431,0.141134,-0.0711116,-0.00725942,0.188088,-0.201345,0.0779452,-0.142276,0.133625
0.368477,0.0058555,-0.227254,-0.00106059,0.33014,-0.129191,-0.0360312,-0.236228,-0.0105443,-0.325111,0.0146663,0.186808,-0.303426,0.266413,0.11722,0.19131,-0.403917,0.0971777,0.474436,0.298066,-0.0638282,0.0346091,0.257024,0.439229,0.0671564,-0.062928,-0.27161,0.0815325,0.149999,-0.20737,-0.0494504,0.396202,0.255519,-0.26275,0.260457,0.0594977,-0.178903,-0.0132614,0.0322021,-0.265093,-0.160249,-0.248604,0.0187086,0.164034,0.0376708,-0.237828,-0.0919005,-0.194517,-0.257174,0.0448771,-0.115207,0.059099,-0.0405608,0.293296,-0.158371,-0.170825,-0.127443,0.265271,0.497396,0.305034,-0.344498,-0.115248,0.0732218,-0.212523
0.17631,-0.0913941,0.14427,-0.0967021,0.0437886,-0.233502,0.104078,-0.209285,-0.156362,-0.0936218,0.0135901,-0.053049,-0.275877,0.0435415,-0.0479507,-0.0938387,0.177189,-0.0843287,-0.0726692,0.0143705,0.0280707,0.0753107,-0.337411,-0.0867676,-0.171093,-0.0793799,0.0229779,0.0235802,0.166766,0.0299466,0.186447,0.038707,0.0202323,0.182154,-0.0925742,-0.181914,0.175726,0.390273,0.0761249,0.161013,-0.135943,-0.0362544,-0.355752,0.200385,-0.0376629,0.00374501,0.150465,0.112361,-0.0988014,-0.104145,-0.165473,0.287006,0.214268,0.0377715,-0.088896,-0.136327,0.0874099,-0.145379,0.352138,-0.210397,-0.0442265,-0.283895,-0.096661,0.422052
0.230927,-0.0867655,-0.0901433,-0.276085,0.170833,0.360253,0.0347973,-0.353048,0.18772,-0.118722,-0.158083,0.277518,-0.195483,-0.241975,0.269598,-0.283949,0.173093,-0.155446,-0.0498514,-0.301246,-0.0865032,0.330655,0.173195,0.278761,0.100963,0.149289,-0.112032,-0.0199554,-0.114683,0.102441,-0.252195,0.187446,0.103917,-0.0938591,0.165813,0.0297746,0.00083057,-0.0987301,-0.29489,0.195512,-0.320229,0.1903,-0.0414453,-0.120311,0.113553,-0.284099,-0.00828297,0.00586734,0.120562,0.13491,-0.611716,0.357464,0.207612,0.300716,-0.438658,0.182816,-0.207657,0.0470196,-0.107265,0.00560285,-0.0735802,-0.550533,-0.21395,0.0936557
-0.191062,-0.12454,0.0343683,0.014211,0.205357,0.099582,0.0290117,-0.142817,0.47749,-0.0505607,-0.170913,0.0563797,-0.254026,0.242622,-0.0548556,0.129114,-0.150328,0.113467,-0.234851,0.10426,0.281896,-0.109996,0.00607762,-0.184714,-0.199651,-0.0614195,0.0577651,0.029352,-0.0687987,-0.214046,0.182937,0.14986,-0.00493938,-0.0341458,0.345734,-0.153989,0.0120647,0.111,-0.158392,0.123651,-0.485394,-0.282641,-0.131979,0.376514,0.171893,-0.144858,-0.0972385,0.147146,-0.0801531,0.163786,-0.101099,0.127141,-0.0873278,0.22873,0.15925,0.322303,0.298601,0.159225,0.184506,0.0490562,0.211161,-0.245815,-0.385376,0.0915824
-0.104242,-0.12439,-0.048878,-0.0527785,-0.172027,-0.0122897,-0.228485,-0.611985,0.0805997,0.0885408,0.0996472,-0.137859,0.196033,0.0414192,0.448666,0.032605,-0.0862197,0.00281748,-0.102034,0.0718288,-0.0532231,-0.00510336,0.203134,-0.127165,0.381548,0.304623,-0.0193651,0.173823,-0.162191,0.203535,-0.518434,-0.00917379,-0.0916489,-0.341956,0.0299255,0.027302,0.12059,-0.303618,-0.0570621,0.2647,-0.142141,-0.120041,0.020817,-0.117377,0.23936,-0.369611,-0.086689,-0.122507,-0.185383,-0.036116,0.0937304,0.342231,0.119383,0.192379,-0.0894277,-0.203638,0.042441,0.414883,0.290358,-0.103004,-0.20139,-0.191091,-0.258721,0.382516
-0.21537,-0.0457843,0.187409,-0.0719836,-0.0800902,0.432089,0.114019,0.0891096,-0.112595,-0.231476,-0.0131064,0.0212927,-0.15217,-0.157579,-0.0422185,-0.166467,-0.0684533,-0.321412,0.0138753,0.0306722,-0.022854,0.0408081,-0.0090568,-0.170985,0.0628871,0.0946103,-0.189982,-0.213034,-0.185336,0.0625907,-0.301937,0.0191595,0.0374947,-0.392548,-0.0433003,-0.322277,-0.134303,0.129443,-0.242146,0.0714446,-0.184106,0.0188498,-0.35004,-0.0287099,0.0989691,-0.154167,-0.174677,0.0349621,-0.0593753,0.164042,0.027339,0.0660038,-0.223584,-0.31278,0.123784,0.0813859,0.0956708,0.326151,0.130756,0.438585,-0.0693171,-0.0741529,-0.0567206,-0.481136
0.177435,0.174175,0.0993954,0.133317,-0.164969,-0.120408,-0.202893,0.0695299,0.0501858,-0.287087,0.105258,-0.305053,0.0603844,0.399679,-0.165813,-0.0738769,-0.11938,0.462421,0.0353744,0.250687,-0.327137,0.313644,-0.292632,0.0785943,-0.065084,0.103588,-0.0860972,0.159893,-0.0502407,-0.0354127,0.0380031,0.156237,0.0628992,0.0517644,-0.234019,-0.249611,-0.242261,-0.0938711,0.0623162,0.316956,-0.13643,-0.244472,0.0715925,0.0708352,-0.153765,-0.324325,0.120937,-0.105941,-0.0126829,0.000653022,-0.184529,0.142655,-0.106762,-0.18985,-0.425993,0.0122043,-0.136972,0.160454,0.119341,-0.161979,-0.115333,0.0822117,-0.244937,0.0798535
0.0151008,-0.158647,0.0800914,0.0736841,0.181692,0.423816,0.245652,-0.167842,0.114833,0.0436715,-0.20329,0.407691,-0.187587,0.235918,0.0489004,0.0165769,0.00895316,-0.192522,0.111425,-0.0192887,-0.0181591,0.102808,-0.315689,0.314914,0.0925968,0.217511,0.0241229,-0.0356173,-0.0588321,-0.182558,-0.0821541,0.208232,0.276215,-0.206855,0.0908914,-0.412509,-0.00225306,-0.072846,0.281584,0.142076,-0.120401,-0.16653,-0.0989712,0.213718,0.0267648,-0.189788,-0.0805507,0.0893602,-0.252004,0.0177775,-0.0721962,0.132821,0.066153,0.178141,-0.0781252,0.0149069,0.291449,-0.0904044,-0.124327,-0.263056,-0.283134,0.242844,-0.427744,0.0101051
0.220014,-0.22515,-0.112359,0.0233038,0.104099,-0.0513336,0.0707827,-0.0662837,0.378114,-0.057266,-0.181746,-0.11675,0.108036,0.129444,-0.0939786,0.0236996,0.075599,-0.428928,-0.206511,0.320796,-0.206505,-0.215527,0.279534,-0.068324,0.231849,0.210331,-0.24604,0.134766,-0.0960158,0.140784,-0.131807,0.239111,0.304931,-0.108589,0.107325,-0.0598436,-0.0813015,-0.253629,-0.110807,0.0669431,-0.0740627,0.137332,0.0675058,-0.0604796,-0.130202,0.0395261,-0.191038,-0.181063,0.0144527,0.13145,0.265448,0.387169,0.234638,0.121784,-0.153643,-0.419824,0.498551,0.337477,0.343815,-0.182977,0.320101,0.13209,-0.262941,-0.00528616
0.0745075,-0.0791137,-0.142055,-0.200739,0.210506,-0.0125238,-0.021205,0.232602,-0.021672,-0.00390771,-0.384408,0.0882167,-0.202282,-0.0132929,0.37969,0.304011,-0.046189,0.0672576,0.0879345,0.211184,-0.00128474,-0.354463,0.156119,-0.104296,0.115392,0.106516,0.122612,0.0364627,0.141874,-0.401004,0.230391,0.291568,0.0267897,0.155557,-0.245695,-0.356677,-0.224105,0.133724,-0.305111,-0.0331499,-0.222965,0.143018,-0.0578812,0.0602268,0.370925,0.253151,-0.0130232,0.123868,-0.102953,0.103574,0.0895973,0.115472,0.130404,-0.296894,-0.188952,0.0852482,0.376263,-0.227636,0.193573,0.0757235,-0.0860478,0.0459482,0.0608281,0.445122
0.366489,-0.0918532,0.268574,0.0417945,0.052922,-0.137693,0.166811,-0.0244505,-0.147546,-0.194718,-0.246616,-0.157398,0.207643,-0.0471565,0.0906209,0.300254,0.0417757,-0.0794382,0.169521,0.120372,0.262201,-0.308449,0.182791,0.277854,0.160224,0.296516,-0.354719,0.409202,-0.153812,-0.120572,0.0345518,0.315216,0.054142,0.148439,0.357175,0.108018,-0.290321,-0.369878,-0.0407027,-0.00298723,0.277391,-0.394177,-0.0858385,0.17627,-0.233173,-0.40552,0.0497351,-0.182982,0.125034,0.185805,-0.0878063,0.166973,0.170515,0.0940688,0.0190834,0.0927213,0.110186,0.0288033,0.301228,0.00312619,-0.100702,-0.0347537,0.134052,0.399444
-0.0888974,0.0312681,-0.205985,-0.0786927,0.222532,0.0421477,-0.193722,-0.082421,0.218282,-0.270056,-0.203276,0.134526,0.00829513,0.132639,0.695028,0.108255,-0.460697,-0.305104,0.135882,0.217322,0.0783768,-0.248474,0.0196605,-0.0131664,0.28286,0.0427761,-0.307732,-0.311934,-0.114231,0.261296,-0.0820849,-0.107566,0.0240949,0.308647,-0.018023,-0.218467,-0.266414,-0.324119,-0.014472,0.371995,0.00929723,-0.230047,-0.0912131,-0.193362,0.3548,-0.134974,0.0432016,0.275383,-0.0943294,0.122229,0.0467932,-0.0504086,0.315439,-0.147769,0.0356649,-0.443697,0.309624,0.0184771,0.065614,-0.154524,0.201081,0.13655,0.0861055,-0.133149
0.271497,-0.21473,0.0978271,-0.370328,0.0596416,0.146696,-0.366917,0.0593037,0.0758913,-0.0480653,-0.35711,0.251726,0.156889,-0.211772,0.0668251,-0.125516,-0.00642433,-0.102666,0.0532045,0.025861,0.0841612,0.188851,-0.113238,0.0137412,-0.0664636,0.0792386,-0.160345,-0.0963858,0.277995,0.266209,0.34686,0.288181,-0.035876,-0.104841,0.296615,0.160855,0.233296,0.0384491,-0.474646,0.2558,-0.168311,-0.0989785,0.229312,0.0324242,0.218992,0.17481,-0.0998335,-0.0653912,0.0696251,-0.0341599,0.0446418,0.0494178,0.415596,-0.134273,-0.0780707,-0.331628,-0.108315,0.116898,0.235163,-0.197941,0.0991985,0.187913,0.055583,-0.189019
-0.210714,0.0343604,-0.0801691,-0.0375184,0.0936545,0.0819164,-0.0749603,0.0920588,0.0289483,-0.0468832,-0.120277,0.0532101,-0.0234451,-0.0382058,-0.0318248,-0.0841845,-0.189514,-0.116582,0.229179,0.223388,0.0517556,0.221506,0.282997,-0.11516,0.453348,-0.0185621,0.0445567,0.11358,0.214459,-0.207785,-0.00694515,0.120894,0.308931,-0.366331,0.246866,0.164514,0.0638751,-0.0161876,-0.0582001,0.167696,-0.275504,-0.260054,0.099886,0.119376,0.287063,-0.0517756,0.0238155,-0.0235267,-0.193942,0.126981,-0.299817,-0.0230085,0.0766826,0.305633,-0.455318,0.251111,0.277913,0.323663,0.370408,-0.0239706,-0.308167,-0.137816,0.0224007,0.245834
-0.0294685,-0.0966158,-0.181007,-0.030308,-0.0545843,0.199666,-0.00927632,-0.0654157,-0.024682,-0.00711905,-0.143313,0.44682,-0.266827,0.549825,0.179166,0.0478008,-0.0631074,-0.176783,0.201934,0.212348,-0.031536,-0.0630061,-0.00687182,0.0876456,-0.0354904,-0.211194,-0.221089,0.124257,-0.134694,-0.0101848,-0.0718081,0.0633012,0.181737,0.178183,0.174186,-0.0299715,-0.0978462,-0.00679359,-0.14264,0.254528,0.0611155,0.0695244,0.0800518,-0.13338,0.0988302,0.242808,0.251002,0.186435,0.0758391,0.0748292,0.0598302,0.228011,0.130322,0.0538741,-0.0221253,-0.336027,-0.0236916,0.143548,0.22138,-0.129286,-0.331655,-0.0573252,-0.305827,-0.00363142
0.0901472,-0.314839,0.297726,0.00311157,-0.374714,0.301597,-0.00163824,-0.0788938,0.321228,-0.0838515,-0.275842,0.359129,-0.00187703,0.305488,0.137483,0.145114,-0.092842,0.0794607,0.0818076,-0.0380538,-0.0628813,-0.00299933,0.265324,0.402483,-0.0702794,0.316943,-0.28164,0.122314,-0.152939,-0.237088,-0.0467667,0.145856,0.0723596,-0.152809,-0.0272643,-0.462913,-0.0493847,-0.116084,-0.0479167,0.129575,0.111322,-0.157498,0.0611332,0.00327461,0.199774,0.112912,-0.0565104,0.0569268,0.152486,-0.127829,-0.329353,0.0204654,0.17732,0.297978,0.129682,-0.100549,0.01845,-0.00907824,0.30409,-0.300979,-0.117688,0.0754654,-0.21689,0.452049
-0.195509,0.260395,-0.00514813,-0.518935,0.252505,0.0961863,0.0727264,0.126368,-0.110213,0.00323698,0.0371846,0.144031,-0.169955,0.162928,-0.0453987,0.0433869,-0.162094,-0.0894017,0.142892,-0.252312,-0.156856,-0.156546,-0.14759,0.207709,0.652958,-0.185397,-0.0744293,0.104602,-0.0629858,-0.194616,0.0842045,-0.0103863,-0.0595573,0.0600883,0.420361,-0.183317,0.138369,0.0516091,0.207021,-0.0928681,-0.0223311,-0.0516343,-0.0122224,-0.195381,0.407344,0.122356,0.242587,0.217716,0.130278,0.276895,-0.405454,0.407511,0.171527,0.18833,0.0378899,0.24773,-0.0245603,0.0650436,0.381206,-0.347744,-0.271001,-0.318367,-0.0115622,-0.0280614
-0.190656,-0.114349,-0.272204,0.123501,0.196247,-0.0767753,0.116202,-0.152597,-0.0252157,0.00398688,0.117999,0.430758,-0.183309,0.139799,-0.000636983,0.0338773,-0.147921,-0.172551,0.272023,-0.0462889,-0.361138,0.156151,0.0604936,0.185736,0.0293827,-0.0916554,0.064362,-0.0216296,0.00949744,-0.065895,-0.266777,0.135854,-0.0921701,-0.28833,0.0353761,0.06197,-0.0416645,0.0699371,0.103315,0.13507,-0.196765,-0.171445,-0.0857027,0.0142528,0.370502,-0.147944,-0.117441,-0.0361892,-0.0798049,0.110677,-0.16789,0.0914062,-0.0092796,0.184412,-0.0998419,-0.216895,-0.110033,-0.0741084,0.0305494,-0.124808,0.00571992,0.0317493,-0.409812,-0.0381804
0.0657186,-0.314425,-0.0405265,0.103709,0.0606805,-0.0929404,-0.21268,-0.250759,-0.0239242,-0.439633,-0.125615,0.444093,-0.404964,-0.0390504,0.232632,0.186254,-0.163225,-0.101785,0.00349228,-0.0319633,-0.234678,-0.191954,0.145551,0.245007,0.0972556,0.226845,0.109216,-0.0835263,-0.07642,-0.0186708,0.0352483,-0.0822495,0.215485,0.0966034,0.313349,-0.313861,-0.0177986,0.10257,-0.110382,-0.213969,0.303744,0.12565,-0.229756,-0.284192,-0.0468807,-0.0633846,-0.162504,0.278524,0.127222,0.101803,-0.354448,-0.00155727,0.240217,0.0206234,-0.272388,-0.270789,-0.0599722,-0.123542,-0.0873102,-0.15652,-0.337677,-0.313234,0.148827,-0.0164389
0.0781173,-0.0271701,-0.252357,-0.0335708,-0.0621217,0.183601,-0.237952,-0.0130875,-0.00568839,-0.0203589,-0.295491,-0.107042,-0.127499,0.322753,-0.247168,-0.0975696,0.0200435,-0.411614,0.126813,0.0995702,-0.0901956,0.0651634,-0.0863458,0.0504765,0.0620817,0.154309,0.101516,-0.0352727,-0.321498,-0.206618,0.028259,0.0742056,-0.101519,0.12111,0.0744018,-0.252673,-0.176197,-0.15685,-0.165255,0.228348,-0.156023,0.125803,-0.275805,0.00112185,-0.112336,-0.273158,0.222783,0.0311161,-0.108764,0.0193769,-0.00497296,0.0984366,-0.00935498,0.131676,0.127764,-0.0625738,-0.0498857,-0.00516887,-0.243664,0.0259874,-0.252339,0.0808408,0.270038,-0.0259685
0.416004,-0.168946,-0.0147704,0.14437,-0.10464,0.308463,-0.17747,-0.0792952,0.0767152,-0.214469,-0.148696,0.147922,-0.0773284,-0.064678,0.120218,0.305877,-0.0173017,-0.0384834,0.185011,0.155719,-0.165978,-0.184171,0.0620153,-0.0462023,-0.0466217,0.134628,0.122902,0.0261188,-0.2626,-0.133316,-0.0926026,0.179631,0.137942,0.0259397,0.568104,-0.181406,-0.0546502,-0.378586,-0.14598,0.0709842,-0.0408008,0.00734937,0.142124,0.0846644,-0.0438462,0.057616,-0.0264796,0.179459,-0.115482,0.296425,0.112224,-0.0612969,0.0395755,0.248046,0.261924,0.15389,0.0185925,-0.0567638,-0.0893245,-0.00949016,-0.39806,-0.0989608,-0.150786,0.183596
-0.0358421,-0.107812,-0.427251,-0.265504,0.250942,-0.266815,-0.151713,0.025067,0.255405,-0.0338865,-0.156723,0.154436,0.104961,0.115114,0.0125029,0.0935948,0.162255,-0.032206,0.0932837,0.0278542,-0.339951,0.09764,-0.0284842,-0.0808138,-0.0189153,-0.0428807,-0.182677,-0.126824,0.0594951,-0.0350933,-0.313789,0.0712538,0.297951,0.168727,-0.0120895,0.124333,0.30758,0.0337006,-0.443272,0.154775,-0.180057,0.0214124,-0.0743824,0.0979709,0.0933555,-0.103122,-0.338568,0.385632,0.260374,-0.035063,0.033889,0.172235,-0.0617538,0.0786435,-0.108296,0.0189894,0.0332128,0.205848,-0.189911,-0.0600387,0.0599269,0.102223,0.0953263,0.293751
-0.0793962,-0.0595793,0.136071,-0.0919085,0.229148,0.191364,0.185953,-0.153782,-0.0550983,-0.0241703,0.0623005,-0.199394,-0.115682,-0.00651581,0.00935584,-0.149004,-0.117,0.100155,0.422395,-0.00988196,-0.0760844,0.149237,-0.0740435,0.206616,0.0379319,0.028314,0.0773579,0.12132,-0.245999,-0.147516,-0.28889,0.12,0.162261,-0.146601,-0.56063,0.117993,-0.0851377,-0.0362603,0.0626822,0.00678619,-0.0287465,-0.0531707,-0.220462,-0.0606692,0.156706,0.0222083,-0.317193,0.248439,-0.123289,-0.209884,0.315462,-0.0916432,0.00291529,-0.182417,-0.177163,0.17303,-0.197624,-0.0213939,-0.278859,-0.0408029,0.312612,-0.0676457,-0.353621,0.210566
0.124112,0.286462,-0.0837771,-0.264754,-0.0267818,0.217026,0.0671348,0.0339261,-0.15117,-0.107403,0.0874433,-0.114524,-0.287708,0.213433,0.161182,0.619283,-0.314756,0.143415,0.305935,0.429525,-0.0844258,-0.0751995,0.0513287,0.0505523,0.260778,-0.150908,0.13925,-0.0503059,0.0539436,0.149382,-0.0973862,0.183909,0.282445,-0.169721,0.444321,-0.13206,-0.0616313,0.565709,0.0299307,0.0509274,0.0351598,0.115543,-0.133391,0.206126,0.00930283,0.0589694,-0.0228755,0.113427,-0.405642,0.134604,0.306156,0.242642,0.410876,-0.00174739,-0.114744,0.257522,-0.268912,0.157731,-0.111766,0.289128,0.111945,0.125202,-0.106669,-0.0829202
0.13056,-0.15491,-0.207616,0.136227,0.0586603,0.304962,-0.0401916,-0.286815,0.410183,-0.017264,0.0657724,0.418387,-0.0131937,-0.0678576,0.00157358,0.259563,0.0480925,-0.000203846,-0.0860707,0.313608,0.235433,0.357382,-0.126275,0.14414,0.333592,0.310379,-0.152238,0.454962,0.181488,-0.0194287,0.0778051,0.219683,-0.0160212,-0.184737,0.0511899,-0.0145088,-0.166182,-0.00789907,0.198097,-0.0567061,0.0494167,-0.196315,-0.278974,-0.158387,0.03166,0.0631778,0.178941,0.0854364,-0.0695684,-0.206581,0.307832,0.087572,0.110268,0.135432,-0.283822,0.133757,0.369128,0.123681,-0.016012,0.102732,-0.101188,-0.140243,0.195667,0.333818
-0.159722,0.201483,-0.28844,-0.178803,-0.252863,0.105662,-0.220129,-0.0696576,0.115761,-0.170783,-0.0737294,0.277494,-0.20451,0.058764,0.261215,0.341525,-0.329736,-0.171576,0.250998,-0.142776,0.00620706,-0.0573049,-0.0742219,-0.0297131,0.653796,0.162331,-0.480341,0.369814,-0.0738155,-0.109766,-0.182393,0.0843097,0.0737246,0.297504,-0.0466971,0.232211,-0.091064,0.209485,-0.144707,-0.0161059,0.297183,-0.0337601,0.00384437,0.15295,0.0429394,-0.0536532,-0.278877,-0.0784428,0.0263519,-0.0253164,0.432382,0.277327,0.399315,0.0120135,-0.0547064,-0.155207,0.0180449,-0.0397383,0.257399,0.0122463,0.179638,-0.219473,-0.264388,-0.0869422
0.0783899,-0.128638,-0.359606,-0.0332282,-0.118696,0.303355,-0.236242,-0.365841,-0.0790002,0.0886253,-0.0387402,0.0325999,-0.19178,0.141059,-0.0843095,-0.00753003,0.203624,0.116445,-0.0754259,0.203121,-0.189952,0.326425,0.380182,0.263263,0.208523,0.210956,-0.0337341,-0.0238414,-0.044549,-0.0102572,-0.125713,0.241731,0.363953,-0.0106661,-0.0136552,-0.0747789,0.188174,-0.0911913,-0.0783223,-0.0676294,-0.09269,0.215557,-0.0181629,0.0843779,0.0862594,0.202642,0.13007,0.0733384,-0.129425,-0.0268059,0.291217,0.0627885,0.061805,0.331362,0.118391,-0.0349178,0.0933797,0.108346,0.187745,-0.195687,-0.169683,-0.103279,-0.176654,0.20083
0.0300522,0.178597,0.128015,-0.202408,0.245206,0.0654636,-0.320837,-0.116218,-0.0500132,-0.129095,0.0416056,-0.250916,-0.189673,0.208958,0.414594,-0.0551147,-0.335679,0.00412165,0.187061,0.434191,0.173638,-0.223392,0.217714,0.220836,0.149379,0.282896,-0.263974,0.148016,-0.433912,0.14993,-0.160735,0.094078,0.170258,-0.0954033,-0.146942,0.129603,0.208285,0.079382,-0.146976,0.26672,0.0771655,-0.117076,-0.16518,0.214503,0.525506,-0.113388,-0.249733,0.0829814,0.354986,0.139501,0.133963,-0.229561,0.406003,0.188558,-0.277374,-0.0837646,0.365086,0.209993,-0.12536,-0.192075,-0.000608903,-0.0826192,-0.0771362,0.00233066
0.111886,-0.106904,-0.163672,-0.109054,0.326582,0.49963,-0.155157,-0.0406914,-0.135172,-0.0388368,0.0610882,-0.14389,0.146655,0.127572,0.113886,0.038008,-0.274551,0.329327,-0.0425381,0.352938,0.0544701,-0.189258,0.0285824,0.0460566,0.16768,-0.130557,-0.303648,0.00659929,-0.238621,0.0235724,0.267457,-0.0308317,0.301043,-0.47293,0.0771337,0.0765955,-0.0118926,0.167716,-0.300269,-0.370144,-0.0118421,-0.174717,-0.287076,-0.31299,0.387072,-0.100543,-0.259749,-0.135365,-0.189792,-0.0395328,-0.145859,0.230099,-0.0549694,0.106056,-0.0941107,0.222921,0.223544,0.0944068,0.505758,-0.370528,-0.0245593,-0.0564347,0.0112736,0.201255
-0.00496049,-0.100401,-0.0263797,-0.448214,-0.0247187,0.144071,-0.135908,0.00983919,0.079949,-0.0468089,-0.102005,-0.245985,-0.0183754,0.0595999,-0.0683854,-0.089719,-0.248625,-0.375832,0.44141,-0.00879415,-0.181149,0.0654479,0.0527834,0.244529,-0.121075,-0.171699,-0.0354796,0.327025,0.17747,-0.0966169,-0.025992,-0.126473,0.077918,-0.414679,0.106679,0.145288,0.141088,0.0970384,-0.0212381,0.0398185,-0.105044,-0.346046,-0.208244,-0.440214,0.456775,-0.302536,0.121068,0.269103,-0.303796,-0.039975,0.0503708,0.0375802,-0.00233836,0.455077,-0.0359148,0.154301,-0.130525,-0.074035,0.0447515,0.0488397,0.0747954,0.0584073,-0.227053,-0.0155787
0.0251432,-0.193538,-0.0581983,0.00572957,0.164526,0.420036,0.20116,0.00329674,0.0927116,-0.16605,-0.176334,0.0113679,0.18597,0.0852108,-0.00937838,0.0979742,-0.00773247,0.218332,-0.147063,-0.0734027,0.164461,0.0436714,0.221562,0.0569334,0.115116,-0.0701226,0.0677394,0.396278,-0.122917,0.237382,0.220866,-0.0817611,0.00785965,-0.0484771,0.031655,0.0588433,0.0103618,-0.135649,0.0308615,0.382372,0.00112768,-0.0523929,0.26798,0.00268866,0.197627,-0.236406,-0.196537,0.246281,-0.0689898,0.220177,-0.118914,0.212449,0.084234,0.206832,-0.102587,-0.0562419,0.0882733,0.265456,0.124385,-0.0604205,-0.249382,-0.234751,-0.16121,-0.173825
-0.155208,0.107621,-0.0388097,0.109943,0.19427,0.335397,0.20232,0.311207,0.282275,0.110109,-0.0471669,-0.107335,-0.19559,0.328199,-0.166777,0.35161,0.097713,-0.0361668,0.162299,0.236246,-0.0111247,-0.0693516,0.294404,0.031057,0.383997,0.466857,0.175461,-0.0132271,0.113225,0.0693571,-0.0818813,0.27327,-0.0508281,-0.167268,0.056226,0.033936,-0.1973,0.0846893,0.0619042,0.190501,-0.128119,0.372186,0.00572765,-0.432839,-0.297654,-0.238281,-0.194824,0.205789,0.195192,0.124293,-0.130252,0.0406145,-0.19908,0.42307,-0.161557,-0.108328,0.275873,0.480005,-0.0357486,0.00617603,-0.239984,-0.0767981,-0.122571,0.330588
-0.151869,-0.1168,-0.329009,-0.391999,0.0519241,0.116519,-0.187955,0.00459957,0.0701117,0.115998,-0.0364528,0.025671,-0.0528517,0.0104074,0.0273463,0.211975,-0.205495,-0.0603657,0.167011,0.0743844,-0.0286917,0.039918,-0.0836259,0.182267,-0.0498487,-0.206964,-0.242951,0.000133912,0.033465,0.0490016,-0.177794,0.315091,-0.0958452,-0.222089,-0.0309413,0.046382,-0.207678,0.0154434,-0.0993708,0.338102,-0.110667,0.0956204,0.0976567,-0.00998818,0.175374,0.0476772,-0.144703,0.394955,-0.131133,0.306705,0.0259827,-0.0161789,0.102714,0.672595,-0.0592515,0.0218732,0.0762152,-0.00150991,-0.0709907,0.00391764,-0.129626,0.374983,0.0366365,0.155391
-0.0378175,-0.195114,-0.111356,0.12731,-0.336562,0.283632,0.0525625,-0.0548518,-0.0868671,-0.0548386,-0.285455,0.0256746,0.102498,0.487432,0.136169,0.25616,0.136507,0.272692,0.151347,0.227993,-0.114627,-0.084367,-0.0821182,0.247017,-0.0433241,0.513501,-0.264489,0.123203,0.406943,-0.0772779,0.148218,0.112896,0.0554979,-0.231817,0.103136,0.138118,-0.338847,-0.271135,-0.329895,-0.511239,0.020109,-0.0162542,-0.37208,0.0321913,-0.15967,-0.0509316,0.0824891,0.00967115,0.0939013,0.125107,-0.124523,0.250695,-0.113006,0.197208,0.193308,-0.0331133,0.0467561,0.294266,0.135852,-0.0891493,0.143996,0.259335,0.151343,0.20232
-0.0393441,-0.377689,-0.1929,-0.169731,0.120969,0.292836,-0.0440652,-0.186201,-0.146964,-0.0585771,-0.0588313,0.537694,-0.0884114,-0.016563,-0.11706,0.13144,0.110368,-0.112155,0.306836,-0.176442,-0.043186,-0.556334,0.264159,0.0459972,0.200228,0.00798136,-0.26758,0.265888,0.0787332,-0.243343,0.0458338,-0.00142794,-0.0513981,0.138373,0.0747025,-0.311726,0.165867,-0.253809,0.0425952,0.195982,0.254791,-0.120528,-0.132162,0.127121,-0.182516,-0.273386,-0.0489926,-0.0106609,-0.170708,-0.562609,-0.058357,0.0543182,0.27246,-0.0702266,0.10164,-0.180061,0.0837401,0.168386,0.241388,-0.0757424,0.11046,0.100591,-0.0816832,0.00670557
-0.0515026,0.0995767,0.295542,-0.155139,0.420698,-0.127249,-0.143306,0.150098,0.0281783,0.0154379,0.184435,-0.0379305,0.0758431,0.170566,-0.300157,-0.240996,-0.0864284,-0.0968198,-0.00977821,-0.0797778,-0.191033,-0.0891729,0.0339612,0.34108,-0.0983339,0.136449,0.0135171,0.134964,-0.0111926,-0.147848,-0.057532,-0.0810952,0.178762,-0.29377,-0.195253,0.153388,-0.0359507,-0.392809,-0.211345,0.097216,0.196879,-0.0798658,0.119183,-0.0381372,-0.0628099,-0.0206534,-0.169868,0.0389195,0.0510253,-0.22662,-0.285901,0.186524,0.0454286,0.132297,-0.326351,0.0558806,-0.11252,0.146512,0.138684,0.144117,0.0717977,-0.222073,-0.0333132,0.366845
-0.0402682,-0.24335,-0.406718,0.0736325,0.0545852,0.0816261,0.0256076,-0.0956279,-0.11116,-0.171625,0.146316,0.143444,-0.272975,-0.0870069,0.0758052,0.0382426,0.150886,-0.123568,0.124658,-0.173833,-0.0345016,-0.277199,0.073791,0.0719822,-0.0442368,0.0847332,-0.0880518,-0.0693954,-0.25752,0.0512809,0.138078,-0.0244726,0.174982,-0.199303,0.0716038,0.104417,0.124686,-0.0932895,0.349998,0.02974,0.00142117,0.139183,-0.0502148,0.261403,-0.283649,0.0847081,-0.109994,0.186729,-0.140443,-0.060381,0.235136,0.323007,0.215972,-0.06499,0.208817,-0.219622,-0.183788,0.233459,0.416757,-0.423133,0.0241298,-0.214882,-0.280791,-0.114646
0.0452673,-0.0581376,-0.0673709,0.0468453,-0.114139,0.294305,0.0875634,-0.102381,0.147266,0.0776686,-0.12185,0.129083,-0.188597,-0.012312,-0.203642,-0.203517,-0.223291,-0.415105,0.534508,0.0970238,-0.182338,0.318208,0.544279,0.000312276,0.316223,0.165516,0.0105706,0.0238453,-0.309014,-0.367386,-0.163838,0.173606,0.276204,0.111068,0.467734,-0.115895,-0.0463465,-0.189811,0.0654349,-0.0363283,-0.309947,-0.123315,-0.330717,0.0331366,-0.159216,0.178103,-0.0303151,0.26949,-0.0495424,0.101007,-0.203539,-0.0810909,-0.0570667,0.178897,-0.130445,-0.0854913,0.21238,-0.260684,-0.0785575,0.0120391,0.00519153,0.0677143,-0.133393,0.107139
-0.196632,-0.238631,-0.0117441,-0.00456194,0.196586,0.221354,-0.202446,-0.0466367,-0.152364,-0.131364,0.232631,0.172342,0.108221,0.0239547,0.00830605,-0.0216681,0.0125561,0.187011,-0.0396182,-0.197715,0.16304,0.123522,0.136967,0.287424,0.340096,-0.036073,0.0206878,0.0362235,-0.0171838,-0.072054,-0.00183519,0.0567567,0.23601,0.176304,-0.0639513,-0.295111,-0.413542,-0.293496,-0.117658,0.146107,-0.175649,-0.265636,-0.0202501,-0.108488,0.0972277,0.15756,-0.194548,-0.155423,0.298414,0.133764,0.0244404,0.0709141,-0.068216,-0.0152051,-0.348706,-0.0851677,0.416399,0.318275,-0.0961471,-0.000243256,0.243818,-0.387597,-0.000269802,-0.254114
0.0685212,-0.186905,-0.121861,-0.412313,-0.078573,0.0563209,0.162722,0.0423945,0.206038,-0.234315,-0.359955,0.290719,-0.188019,0.131367,-0.0429737,0.0914507,-0.318381,-0.176387,0.325837,0.00998631,-0.193484,-0.368499,-0.0673116,0.130871,0.372439,0.275588,0.0426779,-0.301409,0.19231,-0.0269136,0.107204,-0.113081,0.323544,-0.124849,0.413985,0.227649,-0.146666,-0.272861,-0.0392928,0.404782,-0.290412,0.0729759,-0.279432,0.263523,0.184438,-0.207311,-0.0643955,0.0801784,0.0103385,0.0694507,-0.328876,0.319709,0.0301143,0.16513,-0.0184432,-0.169602,0.349035,0.0944368,0.141151,0.15874,-0.151754,-0.17022,0.0652205,0.369817
-0.086541,-0.200844,-0.285432,0.0509353,0.0154547,-0.300655,0.0416662,-0.0694395,0.0595173,0.104952,0.235552,0.0403079,-0.0644826,-0.0414461,0.255167,0.135641,-0.339595,0.193964,0.249479,0.217022,0.0399062,0.322034,0.132219,0.254085,0.115427,0.263703,-0.282024,0.0691632,0.153113,-0.046003,-0.209434,0.0876424,0.28898,-0.0137407,-0.0185575,-0.228626,-0.0398681,-0.154872,-0.400557,0.225868,-0.171923,-0.177271,0.159321,0.225932,-0.0409421,-0.265796,-0.0970341,-0.287233,-0.116746,0.105579,-0.159718,-0.187121,0.326451,0.435307,0.100326,-0.111658,0.406593,0.308083,0.20818,-0.00581228,-0.172018,-0.0932765,-0.349644,0.236219
0.0097721,-0.0777637,-0.206896,-0.185917,-0.058937,-0.0193131,0.124185,0.0231033,0.0848695,-0.0480064,-0.206777,0.0286904,-0.117235,0.208205,-0.0188869,-0.0771674,-0.155734,-0.256436,0.122914,0.058649,-0.506848,0.177725,-0.119187,0.340176,0.166369,0.221616,-0.165788,0.208795,0.132881,-0.0489995,-0.0835302,0.402431,-0.137735,-0.426532,0.0762195,-0.0824113,-0.205184,-0.143475,-0.0679346,-0.0165739,-0.171083,-0.208414,0.0356959,0.285819,0.394993,-0.0638837,0.157406,0.0461255,-0.309743,-0.267748,-0.314392,0.0282146,-0.202726,0.289435,0.0865012,-0.0769572,0.358677,-0.293077,-0.017219,-0.298433,-0.0492229,0.0863945,-0.171534,-0.0980615
-0.0601476,0.289921,-0.194257,-0.0773092,-0.0122207,-0.0931886,0.0050312,0.086823,0.109303,-0.260642,-0.14576,0.15589,-0.212837,0.330332,0.309634,0.146206,0.270641,-0.0679874,0.195785,-0.0661746,0.145682,-0.199883,0.165534,0.127355,0.286737,0.477948,-0.0868628,0.470116,-0.0732454,-0.290332,-0.36081,0.160102,0.325794,-0.089897,0.209945,-0.270733,-0.223156,-0.124559,-0.231427,0.149878,-0.135305,-0.32753,-0.108102,0.22524,0.0936829,-0.0101948,-0.0116399,0.163204,0.054784,0.302797,-0.151549,0.161522,-0.0993534,0.077692,-0.00375179,0.372509,0.176775,0.268633,-0.0286386,-0.214223,0.0356296,-0.28142,0.0365887,0.0713887
-0.12068,-0.229628,-0.0568361,-0.198946,0.0368845,-0.14405,-0.30453,0.192108,-0.0534484,-0.212444,-0.099134,0.329684,-0.429401,0.193009,-0.0104515,0.079998,-0.105686,-0.19928,0.10251,-0.137066,-0.098114,0.0111073,-0.506984,0.168083,0.154238,0.538759,-0.389052,0.296198,-0.322087,-0.152525,-0.223071,-0.0932174,-0.00752923,-0.133043,0.0829623,-0.0931798,-0.00575481,-0.0797011,0.185922,0.0638515,-0.11242,-0.232372,-0.0605721,0.321649,0.151615,-0.000949968,0.169049,0.213245,-0.217045,0.176213,0.0142383,0.158464,-0.0341884,-0.00513581,-0.166351,-0.256851,0.223866,-0.0303194,0.141296,-0.0952404,-0.0114421,0.0618594,-0.245028,0.119607
-0.146648,0.163305,-0.188754,-0.212697,0.150338,0.146029,0.0950585,0.181004,0.211127,-0.270529,-0.185467,-0.0232322,0.173964,0.275528,0.249829,0.0031034,0.280161,-0.252651,-0.0428189,0.00016888,0.11148,-0.277963,0.141511,-0.098085,0.0644204,0.471288,-0.0832819,0.320785,-0.0579056,-0.119891,0.234447,0.0935859,0.0776959,0.0271027,0.283086,0.0721971,-0.112473,-0.208436,-0.137643,-0.0782109,-0.190668,-0.112274,0.0670333,0.0246725,0.1507,0.152334,-0.167236,0.193457,-0.0216254,-0.2343,0.159827,0.0687224,0.0716249,0.25913,-0.170673,-0.0715658,-0.0322938,0.107203,0.102755,-0.0330951,-0.0885504,-0.0516572,-0.0799379,0.172063
-0.0936417,0.00831903,-0.0656648,-0.19969,-0.11842,0.15423,-0.15929,-0.188766,0.0918219,-0.419133,0.0627349,-0.537973,-0.3883,-0.0195234,-0.00898246,-0.219813,-0.0439596,-0.216769,-0.0539777,-0.337302,0.158022,-0.206383,0.147652,-0.123995,-0.274437,-0.0281013,0.152224,-0.0156827,-0.0259001,-0.301643,-0.335781,-0.171571,0.0136419,-0.109317,0.0756711,-0.112313,-0.238059,0.0315461,0.0219705,-0.124641,0.115539,-0.163225,0.0199162,0.143838,-0.061092,-0.112103,0.202165,0.223934,-0.0546549,-0.0900167,0.167643,0.0461459,-0.155452,-0.221952,-0.0623018,0.527227,0.206157,0.219875,0.0556219,-0.219644,-0.284093,-0.395602,0.0304969,-0.0825098
-0.144294,-0.229983,-0.0124381,-0.0968474,0.374737,-0.146634,0.0674466,-0.11588,-0.0920467,0.108163,-0.136004,0.165768,-0.0646795,0.256327,-0.0448154,0.118198,-0.113717,-0.163165,0.317976,0.0210588,-0.224889,-0.145558,0.155472,-0.172849,0.225981,-0.041449,-0.0343434,-0.100341,0.0371793,-0.286618,0.0368312,0.191662,0.431622,-0.249414,0.0180873,-0.024183,0.0745723,-0.113966,-0.00991885,0.322592,-0.178181,-0.18371,-0.0949361,0.0604219,0.111112,-0.0339248,0.000118394,-0.0836573,-0.389876,0.100206,-0.0202956,0.262789,0.0286012,0.148819,0.248507,-0.187175,0.144902,0.0857469,0.218092,-0.111337,-0.105449,-0.314922,-0.0419869,0.278019
-0.0107881,0.0777533,0.208852,-0.346101,-0.0311307,0.452065,0.291774,-0.187935,0.0199366,-0.26889,-0.212483,0.178139,0.0191851,0.209727,-0.00031687,0.159856,-0.0827975,-0.0750931,0.000950574,0.482906,-0.152711,0.0360039,0.17695,0.379131,-0.109542,-0.233155,-0.27724,-0.0867936,-0.185321,-0.0171116,-0.144473,0.247025,-0.0562786,0.0896878,0.031161,-0.250409,0.278182,0.0440981,0.150307,0.00878955,0.111434,0.142972,-0.259962,0.0878275,-0.0257074,0.238126,0.0947313,0.0153136,0.0730768,0.225831,-0.113015,0.276656,0.221394,-0.169383,0.0256827,-0.234109,0.104042,0.208142,0.289255,-0.127189,-0.181807,0.049671,0.084714,0.193612
-0.158062,0.0957912,-0.026366,-0.104371,-0.0807522,0.0481026,-0.135799,0.327943,-0.0346082,0.298287,0.048962,-0.1967,-0.474105,0.20617,0.0700311,0.172252,-0.295394,-0.170823,0.029137,0.098383,-0.0434533,-0.309375,-0.030863,0.298052,0.246938,-0.0771855,-0.125436,0.127976,-0.294719,-0.0662911,-0.196977,-0.0359176,0.184954,0.0147235,-0.270045,-0.00541647,-0.0664348,-0.0517554,-0.0706852,0.115774,-0.173589,-0.0820599,-0.428206,0.251078,0.0799788,-0.0886347,-0.145732,0.313278,0.0839692,-0.0226526,-0.172432,-0.158614,0.0152639,0.234569,-0.0691208,0.171123,0.181555,0.069883,0.342036,-0.0245031,-0.184461,-0.27356,0.157307,-0.00949056
-0.0750039,-0.0047413,-0.164166,-0.0332839,0.0186243,0.0553008,-0.301592,-0.368187,0.0960891,-0.146062,0.211871,-0.229874,-0.202983,-0.146272,0.0972688,0.300624,-0.115787,-0.172092,0.230845,0.26007,-0.017457,-0.176655,0.0723763,-0.0810997,0.122561,0.0787426,-0.17157,0.187542,-0.160067,-0.214024,0.138605,0.0925651,-0.10595,-0.00826331,0.0438136,-0.121489,-0.237734,0.0490638,-0.0198105,0.187875,-0.390508,0.0403832,-0.105169,0.358325,0.1177,-0.0677296,0.16697,-0.100458,-0.139122,-0.246744,-0.0372628,-0.1105,0.0910826,0.212376,0.305858,-0.0164793,0.333924,0.295559,0.451156,-0.159875,-0.185614,-0.293004,-0.113382,0.0517482
-0.129578,-0.0301363,-0.0237408,-0.0960146,0.175904,0.165277,-0.488342,0.14121,0.0338409,-0.332783,-0.669403,-0.317046,0.0315431,0.357403,0.27746,0.0106162,-0.208312,-0.338589,-0.138288,0.00202587,0.203372,0.0905746,0.229969,0.133667,0.15305,0.100925,0.0528913,0.0621592,-0.121223,-0.227747,0.00266725,0.190798,-0.280236,0.162792,0.176128,-0.0390908,0.136989,0.299107,-0.079744,-0.0506554,-0.132253,0.11373,-0.119415,-0.511402,0.425317,-0.238548,-0.26581,0.0192603,0.00685533,0.0740642,0.0901873,-0.0168063,0.262956,0.194022,-0.133328,0.0379709,0.100146,0.358342,-0.0896981,0.200216,-0.039573,-0.308836,0.0734055,0.0829093
-0.135282,0.513745,0.0261117,0.0385372,-0.00735915,-0.108695,-0.379742,0.0582243,-0.0262791,-0.101644,-0.183147,0.239946,0.139488,0.0616729,0.111424,-0.0301986,0.0121617,-0.081585,-0.246929,0.189809,-0.0412106,-0.12797,0.0137081,0.194753,-0.112617,0.0049973,-0.0294288,0.151627,-0.250586,0.0304341,0.0360639,0.0436858,0.00594689,-0.0703819,-0.112023,0.170912,0.458528,-0.0912573,-0.215974,0.0637724,-0.174097,-0.0508246,-0.038396,-0.146864,0.225735,-0.266036,-0.0264047,0.318819,0.279106,0.0762899,-0.308452,-0.324594,0.245662,0.120141,-0.208479,-0.0515762,-0.0656828,-0.309114,0.040455,0.0764807,0.0483131,-0.0855226,-0.0873681,-0.0519552
-0.087344,0.12645,-0.15999,-0.168331,0.0103813,0.165624,-0.319075,-0.0832722,-0.0883999,0.209017,0.187898,0.029107,-0.171145,0.395219,0.450628,-0.332522,-0.184553,-0.0709946,0.218959,-0.0277809,0.159869,0.117682,0.0896951,0.0590866,0.218955,0.240466,0.0273778,0.260838,-0.00623673,-0.215722,-0.180094,0.238146,0.022386,0.201704,0.114054,0.0309944,0.167806,-0.353976,-0.254898,0.471432,0.0639151,0.0312709,0.291419,0.185673,0.200862,-0.24218,-0.143787,0.182018,-0.478374,0.33261,-0.116174,-0.0278963,0.0843021,0.216477,0.219303,-0.0523908,0.12397,0.0525984,0.0783414,-0.185616,0.0824985,-0.379547,0.142264,0.200383
0.0896604,-0.136909,-0.130083,0.055117,-0.0998238,0.0184087,0.0348492,-0.124883,0.000756065,0.189385,-0.291083,-0.149562,0.149279,0.0461345,0.213339,0.14793,-0.107893,-0.343171,0.0933649,0.278158,-0.190877,0.0593339,-0.0695633,0.110971,0.30669,0.152882,-0.00508177,0.0251491,-0.190916,-0.376625,0.0275806,0.139388,0.29122,-0.255487,-0.0728472,0.211164,-0.163879,-0.324945,-0.0142759,0.0223011,0.0138836,-0.0170769,-0.0675926,0.513594,0.130037,-0.0248312,-0.154322,0.235118,-0.364214,0.203389,-0.127514,0.0480977,0.453859,0.010214,-0.247088,-0.351163,0.0465343,0.316453,0.105544,-0.0757016,0.183135,-0.0924412,0.121577,-0.0277912
-0.29452,-0.0243548,-0.00168615,0.0616961,-0.0908338,0.255283,-0.0929037,-0.190004,-0.0934292,-0.157317,-0.13827,0.329207,0.0594001,-0.121783,-0.00800851,-0.00850029,-0.0345851,-0.176592,0.400891,0.128164,-0.280216,-0.0896195,0.158962,0.0731287,-0.108904,0.356335,-0.219059,0.0494863,-0.132233,-0.240903,-0.249941,0.230038,0.379678,-0.141736,0.321394,0.125668,-0.113836,-0.0121371,-0.0393774,0.220433,0.000714921,0.0350183,-0.311873,0.0709149,0.304231,-0.375645,0.00152358,0.324937,-0.152647,0.171347,-0.190293,0.250213,-0.139201,0.0526899,-0.0611028,-0.0755709,0.512632,-0.0541098,0.196469,-0.333467,-0.266779,-0.00948403,-0.00675787,0.235285
0.0186375,0.0497853,-0.0572357,-0.117675,0.0545785,0.336757,0.185701,0.0787841,0.100741,-0.0945192,-0.0920688,0.397934,0.199578,0.158027,0.558118,-0.0832096,0.287101,-0.125189,-0.0178982,0.286633,-0.102824,0.0569073,0.136828,-0.105422,0.114972,0.258432,-0.198372,0.234231,0.0541992,-0.073512,-0.228969,0.262234,-0.127204,-0.107,-0.0578365,0.190152,-0.0269436,-0.421946,0.0180934,0.418042,-0.185044,-0.136899,0.0315208,0.149678,0.371009,-0.13221,0.175647,0.152071,0.235651,0.222834,-0.362672,-0.0931035,0.0654618,-0.020412,0.0898543,-0.0725742,-0.00646922,-0.0564066,0.114413,-0.428727,-0.181055,0.0975427,0.19676,0.0328836
-0.183404,-0.0796316,-0.0790423,0.0417452,0.417239,0.214004,0.019111,-0.182596,-0.260304,-0.131138,0.0981011,0.123299,0.0307196,0.0788009,0.131357,0.303877,0.088984,-0.0836147,0.117505,-0.100283,-0.161491,-0.0819864,0.0407249,0.250676,0.108993,0.232104,-0.00558307,0.139377,-0.230122,-0.27182,-0.27485,0.291823,0.194103,0.137213,-0.0110473,0.0707223,0.079219,-0.327475,-0.133033,0.058568,-0.265449,0.0158833,0.0162167,0.22014,0.219659,-0.279268,0.0290448,-0.0307962,-0.245126,0.0727987,-0.0104496,-0.128574,0.124346,0.12996,-0.193864,-0.281305,0.345682,0.279925,0.168931,-0.109134,0.251907,-0.0153252,-0.120881,0.232721
-0.444431,0.0274906,-0.070801,-0.0687135,-0.13535,0.182577,0.0836535,0.0849323,-0.0213279,0.189768,-0.0121361,0.15892,-0.0181529,0.404466,-0.214676,0.0499472,0.23163,-0.114342,0.397502,0.559502,-0.094723,-0.188531,0.246884,-0.0248859,0.223779,0.195643,0.109177,-0.0367037,-0.0396517,-0.133225,-0.0219931,0.238899,0.0381491,0.0755236,-0.33903,0.0170638,-0.150843,-0.447758,-0.0526946,0.171378,-0.291786,0.323215,-0.231461,-0.0101605,0.098311,-0.0607206,0.191462,0.209373,-0.332361,-0.109331,-0.211828,-0.197063,0.191475,-0.157288,-0.301576,0.0871689,0.322706,0.149026,0.159106,-0.264049,-0.0421679,-0.204381,-0.291256,0.3308
-0.0452164,-0.0294592,-0.0306056,-0.235867,-0.488721,-0.000950776,-0.200759,0.105843,-0.214345,0.289257,0.040589,-0.0596718,-0.320226,-0.116982,-0.142983,0.247673,0.166657,0.225412,-0.0429302,0.147625,0.125268,-0.0948336,0.0896872,-0.227522,-0.0300391,0.369012,-0.140873,0.0658987,-0.204231,0.096405,0.273134,0.262518,-0.144565,-0.124815,-0.0674461,-0.148936,-0.124141,-0.106347,0.164273,0.0762052,0.0907255,0.0863794,-0.147666,-0.0382883,-0.0465676,-0.00829369,0.108419,0.100854,-0.600982,-0.352735,-0.386514,-0.00476685,-0.0594555,-0.115274,-0.0980801,-0.205311,-0.115814,0.142973,0.357693,-0.0957412,-0.115886,0.302279,-0.154753,-0.130784
BIASES
1,64
-0.386866,-0.0380476,0.796488,0.444254,0.309256,-0.20291,-0.55296,0.717634,0.894739,-0.213926,0.764742,-0.698023,0.531767,0.620527,0.0681551,0.581977,0.767527,-0.942262,-0.374462,0.169404,-0.719457,-0.601633,0.339759,0.220888,-0.0873849,-0.168834,0.0738,-0.648239,-0.773439,0.671592,0.519879,-0.544684,0.0953936,0.380835,-0.245387,-0.36772,0.113317,0.871456,-0.822055,-0.358244,0.640301,-0.0996816,-0.229261,-0.436941,-0.577351,0.233478,-0.67066,0.335223,0.547836,0.14516,-0.00631063,0.7796,-0.297161,0.982846,0.126446,-0.662939,0.238285,-0.28574,0.0875585,0.157571,-1.01795,0.593217,0.0546332,0.133015
WEIGHTS
64,1
0.0741674
-0.442145
-0.0853799
-0.166833
0.397927
0.22049
-0.0484254
-0.266704
0.0873728
-0.38753
-0.105082
0.332359
-0.306769
0.116879
0.151067
0.204402
0.0174177
-0.0596383
0.323572
0.136821
-0.0254469
0.0544918
0.246838
0.243615
0.24411
0.256063
-0.105189
0.153916
-0.103796
-0.0376747
-0.14129
0.296361
0.247847
-0.0012947
0.205819
-0.0165369
0.00777961
-0.0256161
-0.126754
0.455683
0.00778716
-0.0784408
-0.223932
0.168013
0.329573
-0.134772
-0.0213137
0.121925
-0.115812
0.0915289
-0.0660447
0.178749
0.321922
0.144453
-0.0348283
-0.0370092
0.161863
0.192537
0.34201
0.0411346
-0.0859893
0.00307418
-0.0483578
0.136439
BIASES
1,1
0.504525
